hr	BioMath	sleep
0.0	3.841	14
0.5	3.841	14
1.0	3.841	14
1.5	3.841	14
2.0	3.841	14
2.5	3.841	14
3.0	3.841	14
3.5	3.841	14
4.0	3.841	14
4.5	3.841	14
5.0	3.841	14
5.5	3.841	14
6.0	3.841	14
6.5	3.841	14
7.0	3.841	14
7.5	3.841	
8.0	3.938	
8.5	4.031	
9.0	4.121	
9.5	4.214	
10.0	4.299	
10.5	4.386	
11.0	4.462	
11.5	4.535	
12.0	4.594	
12.5	4.642	
13.0	4.672	
13.5	4.684	
14.0	4.674	
14.5	4.639	
15.0	4.584	
15.5	4.504	
16.0	4.411	
16.5	4.301	
17.0	4.191	
17.5	4.088	
18.0	4.003	
18.5	3.945	
19.0	3.925	
19.5	3.952	
20.0	4.034	
20.5	4.175	
21.0	4.380	
21.5	4.651	
22.0	4.989	
22.5	5.391	
23.0	5.856	
23.5	6.378	
24.0	6.953	
24.5	7.575	
25.0	8.235	
25.5	8.846	14
26.0	8.121	14
26.5	7.517	14
27.0	7.023	14
27.5	6.609	14
28.0	6.257	14
28.5	5.951	14
29.0	5.684	14
29.5	5.447	14
30.0	5.236	14
30.5	5.047	14
31.0	4.875	14
31.5	4.732	
32.0	4.830	
32.5	4.931	
33.0	5.031	
33.5	5.127	
34.0	5.217	
34.5	5.297	
35.0	5.363	
35.5	5.412	
36.0	5.437	
36.5	5.435	
37.0	5.402	
37.5	5.337	
38.0	5.239	
38.5	5.110	
39.0	4.956	
39.5	4.783	
40.0	4.601	
40.5	4.419	
41.0	4.248	
41.5	4.098	
42.0	3.980	
42.5	3.902	
43.0	3.873	
43.5	3.899	
44.0	3.986	
44.5	4.137	
45.0	4.355	
45.5	4.640	
46.0	4.992	
46.5	5.409	
47.0	5.888	
47.5	6.424	
48.0	7.011	
48.5	7.643	
49.0	8.314	
49.5	8.937	14
50.0	8.255	14
50.5	7.690	14
51.0	7.228	14
51.5	6.842	14
52.0	6.513	14
52.5	6.228	14
53.0	5.977	14
53.5	5.753	14
54.0	5.553	14
54.5	5.372	14
55.0	5.208	14
55.5	5.069	
56.0	5.167	
56.5	5.269	
57.0	5.370	
57.5	5.466	
58.0	5.557	
58.5	5.638	
59.0	5.704	
59.5	5.753	
60.0	5.779	
60.5	5.777	
61.0	5.745	
61.5	5.680	
62.0	5.582	
62.5	5.453	
63.0	5.299	
63.5	5.127	
64.0	4.945	
64.5	4.763	
65.0	4.592	
65.5	4.443	
66.0	4.325	
66.5	4.248	
67.0	4.220	
67.5	4.247	
68.0	4.335	
68.5	4.487	
69.0	4.706	
69.5	4.992	
70.0	5.345	
70.5	5.763	
71.0	6.242	
71.5	6.779	
72.0	7.367	
72.5	8.000	
73.0	8.671	
73.5	9.296	14
74.0	8.621	14
74.5	8.061	14
75.0	7.603	14
75.5	7.220	14
76.0	6.892	14
76.5	6.607	14
77.0	6.355	14
77.5	6.130	14
78.0	5.928	14
78.5	5.744	14
79.0	5.576	14
79.5	5.433	
80.0	5.532	
80.5	5.633	
81.0	5.733	
81.5	5.830	
82.0	5.920	
82.5	6.000	
83.0	6.067	
83.5	6.115	
84.0	6.141	
84.5	6.139	
85.0	6.106	
85.5	6.041	
86.0	5.943	
86.5	5.814	
87.0	5.660	
87.5	5.488	
88.0	5.306	
88.5	5.124	
89.0	4.953	
89.5	4.804	
90.0	4.686	
90.5	4.609	
91.0	4.581	
91.5	4.608	
92.0	4.695	
92.5	4.848	
93.0	5.066	
93.5	5.353	
94.0	5.706	
94.5	6.124	
95.0	6.604	
95.5	7.140	
96.0	7.729	
96.5	8.362	
97.0	9.034	
97.5	9.659	14
98.0	8.986	14
98.5	8.427	14
99.0	7.969	14
99.5	7.584	14
100.0	7.254	14
100.5	6.967	14
101.0	6.712	14
101.5	6.484	14
102.0	6.278	14
102.5	6.090	14
103.0	5.917	14
103.5	5.770	
104.0	5.868	
104.5	5.969	
105.0	6.069	
105.5	6.165	
106.0	6.255	
106.5	6.335	
107.0	6.401	
107.5	6.449	
108.0	6.474	
108.5	6.472	
109.0	6.439	
109.5	6.374	
110.0	6.275	
110.5	6.146	
111.0	5.992	
111.5	5.820	
112.0	5.637	
112.5	5.455	
113.0	5.285	
113.5	5.135	
114.0	5.017	
114.5	4.940	
115.0	4.912	
115.5	4.939	
116.0	5.027	
116.5	5.179	
117.0	5.398	
117.5	5.684	
118.0	6.037	
118.5	6.455	
119.0	6.935	
119.5	7.472	
120.0	8.060	
120.5	8.694	
121.0	9.366	
121.5	9.991	14
122.0	9.319	14
122.5	8.760	14
123.0	8.301	14
123.5	7.916	14
124.0	7.584	14
124.5	7.294	14
125.0	7.036	14
125.5	6.805	14
126.0	6.595	14
126.5	6.403	14
127.0	6.227	14
127.5	6.076	
128.0	6.173	
128.5	6.274	
129.0	6.370	
129.5	6.468	
130.0	6.555	
130.5	6.637	
131.0	6.702	
131.5	6.751	
132.0	6.776	
132.5	6.774	
133.0	6.742	
133.5	6.675	
134.0	6.580	
134.5	6.447	
135.0	6.298	
135.5	6.120	
136.0	5.944	
136.5	5.756	
137.0	5.590	
137.5	5.435	
138.0	5.320	
138.5	5.240	
139.0	5.212	
139.5	5.239	
140.0	5.322	
140.5	5.478	
141.0	5.689	
141.5	5.984	
142.0	6.324	
142.5	6.755	
143.0	7.218	
143.5	7.691	14
144.0	7.189	14
144.5	6.805	14
145.0	6.554	14
145.5	6.363	14
146.0	6.228	14
146.5	6.114	14
147.0	6.023	14
147.5	5.937	14
148.0	5.860	14
148.5	5.780	14
149.0	5.706	14
149.5	5.627	14
150.0	5.552	14
150.5	5.471	14
151.0	5.395	14
151.5	5.324	
152.0	5.411	
152.5	5.507	
153.0	5.596	
153.5	5.690	
154.0	5.774	
154.5	5.861	
155.0	5.936	
155.5	6.007	
156.0	6.063	
156.5	6.109	
157.0	6.135	
157.5	6.141	
158.0	6.125	
158.5	6.083	
159.0	6.021	
159.5	5.932	
160.0	5.832	
160.5	5.715	
161.0	5.603	
161.5	5.492	
162.0	5.406	
162.5	5.344	
163.0	5.324	
163.5	5.352	
164.0	5.431	
164.5	5.578	
165.0	5.778	
165.5	6.060	
166.0	6.388	
166.5	6.806	
167.0	7.257	
167.5	7.799	14
